89893
79835
70451
25248
45012
12685
70374
33792
91558
23499
64316
49426
97534
310
20672
16538
51809
77860
40407
13438
85527
27631
85070
41227
54473
32361
64376
23894
85887
4799
99392
91922
18263
35470
2322
46662
87631
79223
38915
27732
38851
15308
64519
30728
65419
40774
49785
47487
6325
81927
37039
26191
53450
33631
93343
73558
48039
61219
51257
46401
69761
24761
53319
4812
46855
10478
41254
24235
40912
79049
55936
88708
84770
65589
39109
12515
77065
91059
52893
62539
61943
69868
58079
78567
47446
23445
17242
13810
41101
34535
13673
42921
6205
1994
2158
9755
67348
80837
32612
12152
18665
17317
12592
46001
13354
13798
99687
55856
37960
83175
39827
64366
99943
77626
92500
77778
82062
1448
8913
89802
42063
42746
54099
31068
61208
83745
88997
36478
70155
74483
53507
27686
5702
79656
16548
33000
76908
33381
84132
91945
44121
61639
81462
16777
39406
57165
50079
8194
81909
16553
26070
47524
66663
74340
90348
12644
30353
93832
7029
89907
22554
99440
90915
79331
35962
60295
70102
15327
74131
59901
34719
50222
60229
11599
87837
72848
15335
4595
39527
59462
59785
90336
10128
79262
16092
43985
33693
1761
16943
60765
77671
78296
46805
71938
19811
94921
70637
90186
48313
18962
28238
19162
76255
86502
97745
86960
86283
3042
56783
88299
46611
54634
94806
45160
64321
51720
55122
20651
66999
52967
10130
45873
28700
41350
98285
44542
81286
49756
76296
65134
77127
58367
65090
55330
94192
11096
93038
38507
99548
23337
64976
77057
12279
78292
10526
32300
31835
34150
90231
55735
22841
89370
63035
71429
72366
78350
43604
34277
60678
94731
3011
73917
11497
64612
91313
59066
12760
16942
85513
42031
23921
23348
91442
68170
10788
4672
53063
60068
73925
26471
47726
11189
61635
30765
70875
48775
83527
76279
38733
50751
65693
84455
62478
26412
13512
13498
72426
95643
73091
7722
95732
26455
7357
94457
16129
15584
27825
25789
69228
21939
48045
87399
51872
87641
49759
21756
49088
6445
77767
37945
7132
24284
4530
5381
6150
81723
30522
53688
10969
33077
11340
25995
3539
1957
27603
57931
25538
58020
38635
79564
84642
24676
85970
62570
3010
52524
37677
59885
11459
18293
89525
10109
17873
34026
64011
3928
3353
76302
73261
34822
24620
70247
36815
81317
26190
88098
70320
93055
90840
47095
86144
77947
81870
16452
71926
12666
55691
68198
38070
23754
48241
31617
50219
11609
63760
36089
87699
14609
19417
52077
93973
35653
24328
65025
10097
78365
96472
41944
7212
65250
46009
75444
59087
35043
78539
14981
20707
41538
96792
20075
3954
1150
4288
95281
66369
61481
39464
91670
54029
88151
93799
84576
64538
92162
92435
62396
21169
45069
40830
86190
74151
54202
65941
4855
70127
95234
5466
35636
55807
24331
23648
44745
6809
17171
57169
87846
97727
7092
19640
95172
54428
19624
18209
11051
54595
25691
60799
22588
67542
60727
57494
37291
49296
81986
44582
94382
33988
61310
84785
19579
87543
35613
22175
58104
14705
62352
95304
45690
35396
52257
37054
2336
71443
76568
14733
58603
9668
71064
88923
49193
32373
84140
94601
33581
31226
41191
73050
28479
45573
22589
8066
61884
91179
77495
44992
83473
70422
20788
96081
91133
79959
85369
60710
58358
56868
27110
13960
72311
29292
4712
42075
17293
62598
81728
28323
63399
17060
23044
17764
45121
58094
83043
14446
39662
85050
7759
89549
79727
69580
98258
3985
60567
19601
7521
73973
26023
9862
68099
33105
43351
45136
72797
69418
1586
47052
55664
40990
93218
80582
45536
98568
63930
61192
89424
68752
40187
8690
67982
76253
69418
38763
50355
8722
32575
8239
60635
52694
13822
55082
53222
54136
37124
99128
19343
82133
4512
94597
71990
99214
95764
50369
81549
66852
14298
59069
59388
39625
89020
956
11662
26588
66902
13640
10606
23343
56060
43641
55581
43337
4080
20802
21135
1899
21383
21585
14353
31541
84374
12245
88749
32018
78146
87914
86977
83682
63516
48605
9623
77645
78134
78151
32341
41247
6464
17097
18600
62372
78367
45554
309
41100
81083
17042
23587
22242
94354
9330
81939
87236
83467
83283
84106
8955
9980
65750
28852
97924
44895
97488
83969
93458
94041
12152
91731
78252
70439
37355
48109
19926
73412
33830
27967
68047
59201
13691
53542
60138
12863
3822
28446
15199
56201
45399
84474
18240
51511
45578
13473
24366
85894
22340
81545
35898
45913
8532
47840
31078
17342
6100
35218
47845
69802
6550
25032
51223
11013
18632
73307
37815
20461
69280
70575
55932
97226
68807
92641
44870
81740
56389
14525
21846
36244
66838
84877
70117
93710
84687
83096
6784
9992
76605
6449
33816
78964
18146
59432
790
95430
55868
42655
32877
75550
70810
63512
2580
69559
34372
15891
48749
26551
72591
1209
71377
96071
79840
88019
55702
76307
47962
32473
4132
43633
1856
6882
79493
23269
57533
8669
88142
85826
43645
46954
56429
79504
52526
29049
79055
32707
11734
94134
42817
86833
92133
66362
54269
44023
93513
24680
24809
39612
73772
11612
91715
74065
12680
28284
78630
64156
26226
87951
24037
98157
72580
25285
31206
4801
15676
83712
18162
70790
37433
28026
71171
66606
14630
54589
30258
65397
1454
96349
60281
64699
83732
44954
86081
45764
95863
37234
95201
30258
16470
78307
36719
19088
83783
98575
69692
23140
96771
66882
39724
20672
93036
7097
87192
1147
19488
90381
15627
80259
36819
418
73777
95926
23778
93855
29859
20009
72281
3244
41523
45525
89365
54722
50045
34120
46985
97714
52251
33573
45705
68926
28706
81
83259
37876
31668
85112
44031
6244
61336
71573
50444
58309
83895
69067
42293
84721
69882
3009
75025
26890
56388
57353
52988
14254
61606
55711
38660
91688
5248
90623
3882
59317
13342
35735
14096
72013
10923
666
61622
70822
31142
13325
88972
43601
94298
39432
68234
37124
35316
74023
27520
67931
83182
64704
40520
4165
20856
51405
20152
15697
79175
32417
82342
14761
43257
91467
70939
34411
74937
45603
59791
17024
79726
98647
72979
10149
71839
9991
89254
91935
15779
13491
21658
73438
48011
46237
88373
50043
7236
71955
15800
99284
26776
8805
39884
47321
67597
96353
96708
51340
95474
61474
18360
70148
30819
67944
75098
20214
24685
59504
29831
39441
39472
31153
95917
5918
37830
88427
14310
83926
8297
79446
91060
94460
81173
9485
61193
32543
