47577
67634
28589
14685
87801
79569
75224
51945
51264
74002
45854
84821
20162
42117
67427
66542
32493
60820
25842
66307
57214
32862
16371
94496
84097
62854
65242
73338
97434
44577
3998
40946
27726
59954
3297
1592
494
15101
97776
60121
26358
63827
58626
3388
1524
93986
95524
16622
12813
77069
94555
47592
66386
6419
23760
56473
84289
74472
62972
14304
37970
64406
39552
37930
12909
56588
76692
74305
23495
75221
85900
72067
22292
25562
60337
3262
72840
97125
50619
23112
80129
33233
29738
80714
97879
92343
78748
18566
56783
51497
49842
23810
82835
27318
88472
19074
99900
14936
21147
5820
35652
70217
40555
98068
75036
85715
44642
9408
30380
35711
11295
81174
22305
90745
15269
64675
90578
27024
18992
95386
79033
81105
93900
21963
63727
25235
53930
78004
18436
63740
7824
9424
36669
75860
61875
95339
54310
55415
29760
25361
42050
22690
31096
21180
61736
8940
85373
15330
5785
38896
32886
25033
63803
61662
39319
84006
85542
5405
65617
20121
34348
56214
9793
91818
50230
86534
52296
21149
66702
83543
61602
86351
50517
52896
41644
61840
58465
98190
27748
18507
30349
1569
62688
22227
62290
55845
9530
93439
29501
23529
82873
15724
52677
23165
5160
6244
27127
68353
19680
85949
58798
9855
16897
12431
76336
56180
55771
63324
13317
73018
86688
83140
79784
86948
7645
31429
67248
43770
10340
95146
56274
96890
97802
53136
20809
26118
80192
5607
48379
12294
80438
6493
20304
18108
6314
61595
21075
50533
70641
80388
71017
5233
66213
94388
1398
18361
27115
79968
16118
76116
33063
48518
9106
57470
38407
91827
31591
10443
32441
95599
28363
87317
62659
58965
87175
89182
77591
82913
70437
95213
70875
15501
23318
77048
33190
66760
77418
23682
43698
31165
94148
27247
57639
80579
16941
5082
71709
15545
26463
58479
73869
87830
17937
93493
9233
32105
44736
54211
18655
69646
97389
43869
31676
71967
12126
34208
20457
97245
28113
88459
46356
37460
37520
48344
55766
39112
97548
60492
6874
85432
98579
42659
33974
52948
7563
15126
80976
80331
30806
47699
60752
12378
65282
97664
21953
7049
32624
39115
29952
18432
14921
9035
93540
93532
36475
20522
94018
45783
60645
18544
98338
93156
95932
78633
62913
73765
30436
73882
59755
76869
38828
60656
81568
52139
30982
58404
7451
85101
36398
23951
35836
51636
43573
45677
16312
89431
38438
7960
36974
49266
11024
1285
48932
14033
24482
78399
34631
98382
65605
81908
51611
66873
20992
93713
8355
33527
47990
81660
53868
30683
34562
43807
87616
60027
67218
75698
21477
63699
51143
11027
50343
78366
51678
11091
13007
60153
51278
3420
49982
93316
41101
94964
89889
20551
91357
10254
21059
57838
69570
29894
29987
81696
882
29803
13273
1749
89549
46582
94699
56492
45758
19400
4087
95149
86923
83792
99557
33505
7585
17755
39854
96620
37058
65543
38358
86292
28979
89535
55442
36187
51873
25582
10798
42498
74902
42217
22386
83048
67926
29114
3634
62713
60008
65199
75548
48062
25525
41794
75348
79101
92006
41182
68297
71014
88845
95998
94339
43792
81036
79816
6206
42636
57060
4345
80623
37036
65068
23608
9257
11398
16503
70496
1050
85129
1305
76103
52571
25062
83825
47209
68040
38102
73611
2323
35647
57008
90182
91666
91830
57173
65953
51479
30121
67317
56433
68067
36240
61967
51854
51941
56036
48623
9353
47482
27953
87502
49867
28479
36632
6737
88863
54975
69311
943
95060
91769
81650
26024
96274
13995
4627
28114
76524
50160
49149
69556
33552
38022
90011
39783
90886
93715
35845
64027
83590
19494
16714
47710
61846
510
45960
19435
81502
65987
37987
60457
75728
15203
88585
33524
26929
33666
49454
48975
83042
49865
53567
31002
87366
8002
73004
71941
16069
57081
15906
87513
42499
81754
94191
10872
72456
25313
18663
88384
19557
80214
3161
65001
14829
46530
84395
72135
69686
83721
89088
55919
36419
6105
5096
8747
35336
97440
38120
91980
42709
44976
60660
62710
58655
18405
84856
42478
99091
44069
15853
90825
80916
49831
67323
71581
94543
80997
45805
24773
82942
12685
35477
82039
71315
9015
40022
88457
16558
4532
63218
18653
70641
8240
34900
103
77054
55637
13921
81507
44457
59148
24772
9126
66667
32341
9481
98976
83140
88322
1454
17767
99070
37695
52875
10485
9260
36478
72322
37491
94892
59368
54238
9047
87350
98747
6890
30150
18234
14812
10460
93559
99690
87230
61916
83919
4222
43699
88289
80864
38105
65814
35014
73989
27554
97620
60959
27584
61782
7255
96792
58028
62084
77053
48328
11712
71103
22526
51492
56412
81402
65590
10535
23972
47489
12436
76159
67215
50442
11441
45169
18947
9263
91503
88318
65970
58106
6191
37958
75971
33529
34105
92167
40194
40893
10832
16967
19783
94066
92889
53290
8676
47556
79053
60323
50955
65234
39448
51881
75534
94765
27805
7441
36076
41904
77264
64483
69035
63794
5122
23777
7708
25396
76915
24251
15187
88214
5216
69094
24108
25432
83553
9719
96083
82615
80828
19239
38708
28115
46635
12089
43029
62325
2856
91441
29374
79909
21938
31040
14421
4165
17237
23122
37414
37648
95820
49039
8396
98205
49108
54227
66368
34551
81766
34183
60249
40539
4217
63060
90549
12256
39181
21547
74613
17083
17614
5652
23364
68874
64462
23051
42405
28376
99595
8626
95387
73049
4331
15841
92536
5409
28927
65593
92207
94046
41435
59186
28393
66459
43318
87055
2038
97839
2205
89895
99080
64948
77177
53827
23093
59232
36992
46242
55427
78311
96614
23971
80731
39982
22459
70410
40763
87882
81730
43252
4357
82944
36246
39455
66459
99796
6151
9103
14102
72231
53891
74780
22232
56904
63846
38112
67256
9386
18027
80122
71218
91711
93197
87016
14478
55577
29841
58067
79806
70318
48343
77219
15758
89802
12793
55065
32243
77390
67783
72824
66161
33106
98609
84975
80005
92135
90252
62175
81322
88825
85536
81112
75922
5298
67857
92921
92716
48836
18862
26821
43089
27172
26482
10594
2688
15825
43700
14563
28521
36627
23453
50700
49253
91573
80044
83510
91592
21149
52477
34327
30658
81255
70083
85667
77224
57898
45841
17274
39714
63756
47785
30502
23857
85786
23878
42683
57886
78000
80750
58094
56167
18557
41697
47201
59157
75302
34316
90793
12570
48902
83182
70650
73656
87723
7947
13404
57472
93571
52256
19210
61044
