81
103
309
310
418
494
510
666
790
882
943
956
1050
1147
1150
1209
1285
1305
1398
1448
1454
1454
1524
1569
1586
1592
1749
1761
1856
1899
1957
1994
2038
2158
2205
2322
2323
2336
2580
2688
2856
3009
3010
3011
3042
3161
3244
3262
3297
3353
3388
3420
3539
3634
3822
3882
3928
3954
3985
3998
4080
4087
4132
4165
4165
4217
4222
4288
4331
4345
4357
4512
4530
4532
4595
4627
4672
4712
4799
4801
4812
4855
5082
5096
5122
5160
5216
5233
5248
5298
5381
5405
5409
5466
5607
5652
5702
5785
5820
5918
6100
6105
6150
6151
6191
6205
6206
6244
6244
6314
6325
6419
6445
6449
6464
6493
6550
6737
6784
6809
6874
6882
6890
7029
7049
7092
7097
7132
7212
7236
7255
7357
7441
7451
7521
7563
7585
7645
7708
7722
7759
7824
7947
7960
8002
8066
8194
8239
8240
8297
8355
8396
8532
8626
8669
8676
8690
8722
8747
8805
8913
8940
8955
9015
9035
9047
9103
9106
9126
9233
9257
9260
9263
9330
9353
9386
9408
9424
9481
9485
9530
9623
9668
9719
9755
9793
9855
9862
9980
9991
9992
10097
10109
10128
10130
10149
10254
10340
10443
10460
10478
10485
10526
10535
10594
10606
10788
10798
10832
10872
10923
10969
11013
11024
11027
11051
11091
11096
11189
11295
11340
11398
11441
11459
11497
11599
11609
11612
11662
11712
11734
12089
12126
12152
12152
12245
12256
12279
12294
12378
12431
12436
12515
12570
12592
12644
12666
12680
12685
12685
12760
12793
12813
12863
12909
13007
13273
13317
13325
13342
13354
13404
13438
13473
13491
13498
13512
13640
13673
13691
13798
13810
13822
13921
13960
13995
14033
14096
14102
14254
14298
14304
14310
14353
14421
14446
14478
14525
14563
14609
14630
14685
14705
14733
14761
14812
14829
14921
14936
14981
15101
15126
15187
15199
15203
15269
15308
15327
15330
15335
15501
15545
15584
15627
15676
15697
15724
15758
15779
15800
15825
15841
15853
15891
15906
16069
16092
16118
16129
16312
16371
16452
16470
16503
16538
16548
16553
16558
16622
16714
16777
16897
16941
16942
16943
16967
17024
17042
17060
17083
17097
17171
17237
17242
17274
17293
17317
17342
17614
17755
17764
17767
17873
17937
18027
18108
18146
18162
18209
18234
18240
18263
18293
18360
18361
18405
18432
18436
18507
18544
18557
18566
18600
18632
18653
18655
18663
18665
18862
18947
18962
18992
19074
19088
19162
19210
19239
19343
19400
19417
19435
19488
19494
19557
19579
19601
19624
19640
19680
19783
19811
19926
20009
20075
20121
20152
20162
20214
20304
20457
20461
20522
20551
20651
20672
20672
20707
20788
20802
20809
20856
20992
21059
21075
21135
21147
21149
21149
21169
21180
21383
21477
21547
21585
21658
21756
21846
21938
21939
21953
21963
22175
22227
22232
22242
22292
22305
22340
22386
22459
22526
22554
22588
22589
22690
22841
23044
23051
23093
23112
23122
23140
23165
23269
23318
23337
23343
23348
23364
23445
23453
23495
23499
23529
23587
23608
23648
23682
23754
23760
23777
23778
23810
23857
23878
23894
23921
23951
23971
23972
24037
24108
24235
24251
24284
24328
24331
24366
24482
24620
24676
24680
24685
24761
24772
24773
24809
25032
25033
25062
25235
25248
25285
25313
25361
25396
25432
25525
25538
25562
25582
25691
25789
25842
25995
26023
26024
26070
26118
26190
26191
26226
26358
26412
26455
26463
26471
26482
26551
26588
26776
26821
26890
26929
27024
27110
27115
27127
27172
27247
27318
27520
27554
27584
27603
27631
27686
27726
27732
27748
27805
27825
27953
27967
28026
28113
28114
28115
28238
28284
28323
28363
28376
28393
28446
28479
28479
28521
28589
28700
28706
28852
28927
28979
29049
29114
29292
29374
29501
29738
29760
29803
29831
29841
29859
29894
29952
29987
30121
30150
30258
30258
30349
30353
30380
30436
30502
30522
30658
30683
30728
30765
30806
30819
30982
31002
31040
31068
31078
31096
31142
31153
31165
31206
31226
31429
31541
31591
31617
31668
31676
31835
32018
32105
32243
32300
32341
32341
32361
32373
32417
32441
32473
32493
32543
32575
32612
32624
32707
32862
32877
32886
33000
33063
33077
33105
33106
33190
33233
33381
33505
33524
33527
33529
33552
33573
33581
33631
33666
33693
33792
33816
33830
33974
33988
34026
34105
34120
34150
34183
34208
34277
34316
34327
34348
34372
34411
34535
34551
34562
34631
34719
34822
34900
35014
35043
35218
35316
35336
35396
35470
35477
35613
35636
35647
35652
35653
35711
35735
35836
35845
35898
35962
36076
36089
36187
36240
36244
36246
36398
36419
36475
36478
36478
36627
36632
36669
36719
36815
36819
36974
36992
37036
37039
37054
37058
37124
37124
37234
37291
37355
37414
37433
37460
37491
37520
37648
37677
37695
37815
37830
37876
37930
37945
37958
37960
37970
37987
38022
38070
38102
38105
38112
38120
38358
38407
38438
38507
38635
38660
38708
38733
38763
38828
38851
38896
38915
39109
39112
39115
39181
39319
39406
39432
39441
39448
39455
39464
39472
39527
39552
39612
39625
39662
39714
39724
39783
39827
39854
39884
39982
40022
40187
40194
40407
40520
40539
40555
40763
40774
40830
40893
40912
40946
40990
41100
41101
41101
41182
41191
41227
41247
41254
41350
41435
41523
41538
41644
41697
41794
41904
41944
42031
42050
42063
42075
42117
42217
42293
42405
42478
42498
42499
42636
42655
42659
42683
42709
42746
42817
42921
43029
43089
43252
43257
43318
43337
43351
43573
43601
43604
43633
43641
43645
43698
43699
43700
43770
43792
43807
43869
43985
44023
44031
44069
44121
44457
44542
44577
44582
44642
44736
44745
44870
44895
44954
44976
44992
45012
45069
45121
45136
45160
45169
45399
45525
45536
45554
45573
45578
45603
45677
45690
45705
45758
45764
45783
45805
45841
45854
45873
45913
45960
46001
46009
46237
46242
46356
46401
46530
46582
46611
46635
46662
46805
46855
46954
46985
47052
47095
47201
47209
47321
47446
47482
47487
47489
47524
47556
47577
47592
47699
47710
47726
47785
47840
47845
47962
47990
48011
48039
48045
48062
48109
48241
48313
48328
48343
48344
48379
48518
48605
48623
48749
48775
48836
48902
48932
48975
49039
49088
49108
49149
49193
49253
49266
49296
49426
49454
49756
49759
49785
49831
49842
49865
49867
49982
50043
50045
50079
50160
50219
50222
50230
50343
50355
50369
50442
50444
50517
50533
50619
50700
50751
50955
51143
51223
51257
51264
51278
51340
51405
51479
51492
51497
51511
51611
51636
51678
51720
51809
51854
51872
51873
51881
51941
51945
52077
52139
52251
52256
52257
52296
52477
52524
52526
52571
52677
52694
52875
52893
52896
52948
52967
52988
53063
53136
53222
53290
53319
53450
53507
53542
53567
53688
53827
53868
53891
53930
54029
54099
54136
54202
54211
54227
54238
54269
54310
54428
54473
54589
54595
54634
54722
54975
55065
55082
55122
55330
55415
55427
55442
55577
55581
55637
55664
55691
55702
55711
55735
55766
55771
55807
55845
55856
55868
55919
55932
55936
56036
56060
56167
56180
56201
56214
56274
56388
56389
56412
56429
56433
56473
56492
56588
56783
56783
56868
56904
57008
57060
57081
57165
57169
57173
57214
57353
57470
57472
57494
57533
57639
57838
57886
57898
57931
58020
58028
58067
58079
58094
58094
58104
58106
58309
58358
58367
58404
58465
58479
58603
58626
58655
58798
58965
59066
59069
59087
59148
59157
59186
59201
59232
59317
59368
59388
59432
59462
59504
59755
59785
59791
59885
59901
59954
60008
60027
60068
60121
60138
60153
60229
60249
60281
60295
60323
60337
60457
60492
60567
60635
60645
60656
60660
60678
60710
60727
60752
60765
60799
60820
60959
61044
61192
61193
61208
61219
61310
61336
61474
61481
61595
61602
61606
61622
61635
61639
61662
61736
61782
61840
61846
61875
61884
61916
61943
61967
62084
62175
62290
62325
62352
62372
62396
62478
62539
62570
62598
62659
62688
62710
62713
62854
62913
62972
63035
63060
63218
63324
63399
63512
63516
63699
63727
63740
63756
63760
63794
63803
63827
63846
63930
64011
64027
64156
64316
64321
64366
64376
64406
64462
64483
64519
64538
64612
64675
64699
64704
64948
64976
65001
65025
65068
65090
65134
65199
65234
65242
65250
65282
65397
65419
65543
65589
65590
65593
65605
65617
65693
65750
65814
65941
65953
65970
65987
66161
66213
66307
66362
66368
66369
66386
66459
66459
66542
66606
66663
66667
66702
66760
66838
66852
66873
66882
66902
66999
67215
67218
67248
67256
67317
67323
67348
67427
67542
67597
67634
67783
67857
67926
67931
67944
67982
68040
68047
68067
68099
68170
68198
68234
68297
68353
68752
68807
68874
68926
69035
69067
69094
69228
69280
69311
69418
69418
69556
69559
69570
69580
69646
69686
69692
69761
69802
69868
69882
70083
70102
70117
70127
70148
70155
70217
70247
70318
70320
70374
70410
70422
70437
70439
70451
70496
70575
70637
70641
70641
70650
70790
70810
70822
70875
70875
70939
71014
71017
71064
71103
71171
71218
71315
71377
71429
71443
71573
71581
71709
71839
71926
71938
71941
71955
71967
71990
72013
72067
72135
72231
72281
72311
72322
72366
72426
72456
72580
72591
72797
72824
72840
72848
72979
73004
73018
73049
73050
73091
73261
73307
73338
73412
73438
73558
73611
73656
73765
73772
73777
73869
73882
73917
73925
73973
73989
74002
74023
74065
74131
74151
74305
74340
74472
74483
74613
74780
74902
74937
75025
75036
75098
75221
75224
75302
75348
75444
75534
75548
75550
75698
75728
75860
75922
75971
76103
76116
76159
76253
76255
76279
76296
76302
76307
76336
76524
76568
76605
76692
76869
76908
76915
77048
77053
77054
77057
77065
77069
77127
77177
77219
77224
77264
77390
77418
77495
77591
77626
77645
77671
77767
77778
77860
77947
78000
78004
78134
78146
78151
78252
78292
78296
78307
78311
78350
78365
78366
78367
78399
78539
78567
78630
78633
78748
78964
79033
79049
79053
79055
79101
79175
79223
79262
79331
79446
79493
79504
79564
79569
79656
79726
79727
79784
79806
79816
79835
79840
79909
79959
79968
80005
80044
80122
80129
80192
80214
80259
80331
80388
80438
80579
80582
80623
80714
80731
80750
80828
80837
80864
80916
80976
80997
81036
81083
81105
81112
81173
81174
81255
81286
81317
81322
81402
81462
81502
81507
81545
81549
81568
81650
81660
81696
81723
81728
81730
81740
81754
81766
81870
81908
81909
81927
81939
81986
82039
82062
82133
82342
82615
82835
82873
82913
82942
82944
83042
83043
83048
83096
83140
83140
83175
83182
83182
83259
83283
83467
83473
83510
83527
83543
83553
83590
83682
83712
83721
83732
83745
83783
83792
83825
83895
83919
83926
83969
84006
84097
84106
84132
84140
84289
84374
84395
84455
84474
84576
84642
84687
84721
84770
84785
84821
84856
84877
84975
85050
85070
85101
85112
85129
85369
85373
85432
85513
85527
85536
85542
85667
85715
85786
85826
85887
85894
85900
85949
85970
86081
86144
86190
86283
86292
86351
86502
86534
86688
86833
86923
86948
86960
86977
87016
87055
87175
87192
87230
87236
87317
87350
87366
87399
87502
87513
87543
87616
87631
87641
87699
87723
87801
87830
87837
87846
87882
87914
87951
88019
88098
88142
88151
88214
88289
88299
88318
88322
88373
88384
88427
88457
88459
88472
88585
88708
88749
88825
88845
88863
88923
88972
88997
89020
89088
89182
89254
89365
89370
89424
89431
89525
89535
89549
89549
89802
89802
89889
89893
89895
89907
90011
90182
90186
90231
90252
90336
90348
90381
90549
90578
90623
90745
90793
90825
90840
90886
90915
91059
91060
91133
91179
91313
91357
91441
91442
91467
91503
91558
91573
91592
91666
91670
91688
91711
91715
91731
91769
91818
91827
91830
91922
91935
91945
91980
92006
92133
92135
92162
92167
92207
92343
92435
92500
92536
92641
92716
92889
92921
93036
93038
93055
93156
93197
93218
93316
93343
93439
93458
93493
93513
93532
93540
93559
93571
93710
93713
93715
93799
93832
93855
93900
93973
93986
94018
94041
94046
94066
94134
94148
94191
94192
94298
94339
94354
94382
94388
94457
94460
94496
94543
94555
94597
94601
94699
94731
94765
94806
94892
94921
94964
95060
95146
95149
95172
95201
95213
95234
95281
95304
95339
95386
95387
95430
95474
95524
95599
95643
95732
95764
95820
95863
95917
95926
95932
95998
96071
96081
96083
96274
96349
96353
96472
96614
96620
96708
96771
96792
96792
96890
97125
97226
97245
97389
97434
97440
97488
97534
97548
97620
97664
97714
97727
97745
97776
97802
97839
97879
97924
98068
98157
98190
98205
98258
98285
98338
98382
98568
98575
98579
98609
98647
98747
98976
99070
99080
99091
99128
99214
99284
99392
99440
99548
99557
99595
99687
99690
99796
99900
99943
